B sxx sxy
0.00000 213424595.971215009689331 0.000000000000000
0.50000 210026338.442756950855255 13023745.197817940264940
1.00000 202129908.085694074630737 23878229.266828101128340
1.50000 192247450.607630968093872 32056429.502142954617739
2.00000 181774911.733413517475128 37778797.722907893359661
2.50000 171474140.414485752582550 41540037.454770527780056
3.00000 161719842.023735076189041 43847856.481582254171371
3.50000 152664545.195782095193863 45118021.064612329006195
4.00000 144342898.927139341831207 45661101.492823094129562
4.50000 136731257.745738893747330 45700198.897283606231213
5.00000 129780020.935436055064201 45393112.355630338191986
5.50000 123430346.778815984725952 44850944.676198363304138
6.00000 117622638.127766981720924 44151950.659914568066597
6.50000 112300498.370958805084229 43351375.311723411083221
7.00000 107412403.990250989794731 42488312.383096627891064
7.50000 102912150.543164044618607 41590468.125982582569122
8.00000 98758772.891190633177757 40677470.408885709941387
8.50000 94916130.322746619582176 39763182.807999759912491
9.00000 91352425.052114948630333 38857331.613843820989132
9.50000 88039701.198562249541283 37966659.579423323273659
10.00000 84953365.625112339854240 37095748.846945106983185
10.50000 82071757.936858966946602 36247612.521752469241619
11.00000 79375753.643774956464767 35424122.753624603152275
11.50000 76848448.351053521037102 34626323.220927067101002
12.00000 74474853.350217700004578 33854656.913418062031269
12.50000 72241648.441278502345085 33109134.066554218530655
13.00000 70136966.172150835394859 32389455.990335140377283
13.50000 68150206.428985714912415 31695106.447787832468748
14.00000 66271878.967802278697491 31025420.734264515340328
14.50000 64493463.836259089410305 30379634.569243866950274
15.00000 62807295.078637726604939 29756922.306980792433023
15.50000 61206458.583539061248302 29156424.345934133976698
16.00000 59684704.058959260582924 28577267.411099579185247
16.50000 58236368.753299139440060 28018579.357455480843782
17.00000 56856311.198557414114475 27479499.848112121224403
17.50000 55539859.686423383653164 26959190.415844347327948
18.00000 54282737.971154510974884 26456830.381529819220304
18.50000 53081056.245086692273617 25971633.442749887704849
19.00000 51931249.690773949027061 25502841.585194736719131
19.50000 50830050.130828872323036 25049728.197296146303415
20.00000 49774456.122857876121998 24611598.504543982446194
20.50000 48761706.554540075361729 24187789.465417917817831
21.00000 47789257.277565933763981 23777669.276525959372520
21.50000 46854760.386006802320480 23380636.599430333822966
22.00000 45956045.801035448908806 22996119.594768106937408
22.50000 45091104.871653720736504 22623574.828675940632820
23.00000 44258075.741478487849236 22262486.100706629455090
23.50000 43455230.265949726104736 21912363.230256680399179
24.00000 42680962.293525159358978 21572740.829156905412674
24.50000 41933777.149309076368809 21243177.080862611532211
25.00000 41212282.180748648941517 20923252.541140098124743
25.50000 40515178.137582361698151 20612568.947604358196259
26.00000 39841251.507974028587341 20310747.962360300123692
26.50000 39189368.365327805280685 20017430.736049789935350
27.00000 38558466.628753311932087 19732275.912845853716135
27.50000 37947551.368471950292587 19454959.240448284894228
28.00000 37355689.402493938803673 19185172.501704748719931
28.50000 36782004.592637129127979 18922622.620824329555035
29.00000 36225673.566616028547287 18667030.821904517710209
29.50000 35685921.817580468952656 18418131.833729006350040
30.00000 35162020.143346466124058 18175673.139522384852171
30.50000 34653281.391394220292568 17939414.269743729382753
31.00000 34159057.479575000703335 17709126.135961193591356
31.50000 33678736.665674954652786 17484590.403700366616249
32.00000 33211741.042072426527739 17265598.902298524975777
32.50000 32757524.234237343072891 17051953.069770764559507
33.00000 32315569.284010000526905 16843463.430684641003609
33.50000 31885386.700636856257915 16639949.105135314166546
34.00000 31466520.062855705618858 16441243.317397102713585
34.50000 31058515.348170459270477 16247169.632683215662837
35.00000 30660962.084962688386440 16057575.745185364037752
35.50000 30273464.015738002955914 15872310.807036854326725
36.00000 29895644.639066416770220 15691230.516004979610443
36.50000 29527145.995645962655544 15514196.775447947904468
37.00000 29167627.542598705738783 15341077.374269895255566
37.50000 28816765.108633611351252 15171745.685614345595241
38.00000 28474249.923389654606581 15006080.383118780329823
38.50000 28139787.714902896434069 14843965.173622515052557
39.00000 27813097.869693264365196 14685288.545294187963009
39.50000 27493912.650473929941654 14529943.530206259340048
40.00000 27181976.466929350048304 14377827.480451712384820
40.50000 26877045.195418581366539 14228841.856952238827944
41.00000 26578885.543822295963764 14082892.030167451128364
41.50000 26287274.458086818456650 13939887.091961760073900
42.00000 26001998.567304063588381 13799739.677937336266041
42.50000 25722853.664452698081732 13662365.799586869776249
43.00000 25449644.220153592526913 13527684.685661267489195
43.50000 25182182.927020888775587 13395618.632187748327851
44.00000 24920290.272393152117729 13266092.860611625015736
44.50000 24663794.137400563806295 13139035.383567679673433
45.00000 24412529.420501083135605 13014376.877822965383530
45.50000 24166337.683760084211826 12892050.563958631828427
46.00000 23925066.820292118936777 12771992.092389740049839
46.50000 23688570.741398259997368 12654139.435346554964781
47.00000 23456709.082059808075428 12538432.784465709701180
47.50000 23229346.923539921641350 12424814.453662585467100
48.00000 23006354.531951412558556 12313228.786976112052798
48.50000 22787607.111723080277443 12203622.071099134162068
49.00000 22572984.572991546243429 12095942.452323408797383
49.50000 22362371.312007136642933 11990139.857647478580475
50.00000 22155656.003710974007845 11886165.919809700921178
50.50000 21952731.405707634985447 11783973.906025517731905
51.00000 21753494.172911059111357 11683518.650220856070518
51.50000 21557844.682185973972082 11584756.488565582782030
52.00000 21365686.866370145231485 11487645.198125777766109
52.50000 21176928.057093422859907 11392143.938460789620876
53.00000 20991478.835854109376669 11298213.196006830781698
53.50000 20809252.892853949218988 11205814.731092253699899
54.00000 20630166.893122822046280 11114911.527444975450635
54.50000 20454140.349499486386776 11025467.744057668372989
55.00000 20281095.502060674130917 10937448.669282762333751
55.50000 20110957.203620802611113 10850820.677044032141566
56.00000 19943652.810950450599194 10765551.185047039762139
56.50000 19779112.081381753087044 10681608.614889621734619
57.00000 19617267.074490245431662 10598962.353969914838672
57.50000 19458052.058571465313435 10517582.719100790098310
58.00000 19301403.421633101999760 10437440.921742839738727
58.50000 19147259.586658898741007 10358509.034773539751768
59.00000 18995560.930900596082211 10280759.960714032873511
59.50000 18846249.708980478346348 10204167.401341924443841
60.00000 18699269.979594532400370 10128705.828618351370096
60.50000 18554567.535621959716082 10054350.456866620108485
61.00000 18412089.837456595152617 9981077.216138083487749
61.50000 18271785.949391648173332 9908862.726710019633174
62.00000 18133606.478889886289835 9837684.274656828492880
62.50000 17997503.518595367670059 9767519.788446171209216
63.00000 17863430.590936869382858 9698347.816507184877992
63.50000 17731342.595193102955818 9630147.505727801471949
64.00000 17601195.756890650838614 9562898.580833649262786
64.50000 17472947.579417709261179 9496581.324610136449337
65.00000 17346556.797739479690790 9431176.558925110846758
65.50000 17221983.334110267460346 9366665.626516912132502
66.00000 17099188.255682703107595 9303030.373511219397187
66.50000 16978133.733920127153397 9240253.132633985951543
67.00000 16858783.005721896886826 9178316.707087615504861
67.50000 16741100.336180862039328 9117204.355060705915093
68.00000 16625050.982889911159873 9056899.774842442944646
68.50000 16510601.161725567653775 8997387.090515347197652
69.00000 16397718.014037564396858 8938650.838198998942971
69.50000 16286369.575176808983088 8880675.952821213752031
70.00000 16176524.744297510012984 8823447.755393711850047
70.50000 16068153.255377035588026 8766951.940768875181675
71.00000 15961225.649392426013947 8711174.565858239308000
71.50000 15855713.247603692114353 8656102.038290685042739
72.00000 15751588.125890415161848 8601721.105493437498808
72.50000 15648823.090094324201345 8548018.844176031649113
73.00000 15547391.652323031798005 8494982.650201339274645
73.50000 15447268.008170304819942 8442600.228826545178890
74.00000 15348427.014811949804425 8390859.585297791287303
74.50000 15250844.169939160346985 8339749.015786013565958
75.00000 15154495.591491280123591 8289257.098646803759038
75.50000 15059357.998153282329440 8239372.685993142426014
76.00000 14965408.690583949908614 8190084.895566597580910
76.50000 14872625.533344553783536 8141383.102896329015493
77.00000 14780986.937495954334736 8093256.933731935918331
77.50000 14690471.843835953623056 8045696.256741662509739
78.00000 14601059.706750046461821 7998691.176463014446199
78.50000 14512730.478650148957968 7952232.026497206650674
79.00000 14425464.594973370432854 7906309.362936588935554
79.50000 14339242.959723016247153 7860913.958016955293715
80.00000 14254046.931522877886891 7816036.793984685093164
80.50000 14169858.310168163850904 7771669.057171379216015
81.00000 14086659.323650455102324 7727802.132266975007951
81.50000 14004432.615638019517064 7684427.596784159541130
82.00000 13923161.233393546193838 7641537.215706748887897
82.50000 13842828.616108998656273 7599122.936314791440964
83.00000 13763418.583644496276975 7557176.883179180324078
83.50000 13684915.325652949512005 7515691.353320895694196
84.00000 13607303.391073616221547 7474658.811525978147984
84.50000 13530567.677985142916441 7434071.885813857428730
85.00000 13454693.423797061666846 7393923.363049552775919
85.50000 13379666.195772515609860 7354206.184697926044464
86.00000 13305471.881865402683616 7314913.442711793817580
86.50000 13232096.681862561032176 7276038.375551081262529
87.00000 13159527.098816366866231 7237574.364326852373779
87.50000 13087749.930759713053703 7199514.929066331125796
88.00000 13016752.262690333649516 7161853.725094758905470
88.50000 12946521.458814676851034 7124584.539528788998723
89.00000 12877045.155043564736843 7087701.287878755480051
89.50000 12808311.251726791262627 7051198.010754952207208
90.00000 12740307.906620467081666 7015068.870674666017294
90.50000 12673023.528077851980925 6979308.148966180160642
91.00000 12606446.768454624339938 6943910.242766626179218
91.50000 12540566.517721313983202 6908869.662110376171768
92.00000 12475371.897276392206550 6874181.027103800326586
92.50000 12410852.253949936479330 6839839.065185653045774
93.00000 12346997.154194328933954 6805838.608467174693942
93.50000 12283796.378452913835645 6772174.591152258217335
94.00000 12221239.915701014921069 6738842.047032248228788
94.50000 12159317.958153577521443 6705836.107054384425282
95.00000 12098020.896133346483111 6673151.996961300261319
95.50000 12037339.313092125579715 6640785.034998475573957
96.00000 11977263.980784632265568 6608730.629687882028520
96.50000 11917785.854582699015737 6576984.277665703557432
97.00000 11858896.068931739777327 6545541.561581518501043
97.50000 11800585.932939426973462 6514398.148057541809976
98.00000 11742846.926095042377710 6483549.785705081187189
98.50000 11685670.694114062935114 6452992.303197507746518
99.00000 11629049.044903920963407 6422721.607396663166583
99.50000 11572973.944645818322897 6392733.681531785987318
100.00000 11517484.677197910845280 6363069.262072053737938
100.50000 11462480.045732388272882 6333635.957146447151899
101.00000 11407998.779899951070547 6304473.818547083996236
101.50000 11354033.441911237314343 6275579.117658071219921
102.00000 11300576.734284162521362 6246948.193852136842906
102.50000 11247621.496551165357232 6218577.452950140461326
103.00000 11195160.702057838439941 6190463.365721724927425
103.50000 11143187.454851672053337 6162602.466426529921591
104.00000 11091694.986656114459038 6134991.351394452154636
104.50000 11040676.653929268941283 6107626.677643874660134
105.00000 10990125.935002852231264 6080505.161536311730742
105.50000 10940036.427300442010164 6053623.577466927468777
106.00000 10890401.844630494713783 6026978.756589681841433
106.50000 10841216.014553336426616 6000567.585575181059539
107.00000 10792472.875819629058242 5974387.005401707254350
107.50000 10744166.475877748802304 5948434.010177459567785
108.00000 10696290.968446977436543 5922705.645992870442569
108.50000 10648840.611156428232789 5897199.009803283028305
109.00000 10601809.763246549293399 5871911.248339452780783
109.50000 10555192.883330982178450 5846839.557046489790082
110.00000 10508984.527217037975788 5821981.179049697704613
110.50000 10463179.345784749835730 5797333.404146218672395
111.00000 10417772.082919452339411 5772893.567822683602571
111.50000 10372757.573498668149114 5748659.050297249108553
112.00000 10328130.741432281211019 5724627.275585492141545
112.50000 10283886.597750872373581 5700795.710589949972928
113.00000 10240020.238745510578156 5677161.864212043583393
113.50000 10196526.844152698293328 5653723.286485759541392
114.00000 10153401.675387831404805 5630477.567733146250248
114.50000 10110640.073821015655994 5607422.337739966809750
115.00000 10068237.459098577499390 5584555.264951950870454
115.50000 10026189.327504672110081 5561874.055690351873636
116.00000 9984491.250365637242794 5539376.453386507928371
116.50000 9943138.872492650523782 5517060.237834824249148
117.00000 9902127.910664245486259 5494923.224464237689972
117.50000 9861454.152144651859999 5472963.263626003637910
118.00000 9821113.453241094946861 5451178.239899767562747
118.50000 9781101.737893125042319 5429566.071415087208152
119.00000 9741414.996299771592021 5408124.709189765155315
119.50000 9702049.283577162772417 5386852.136482968926430
120.00000 9663000.718450665473938 5365746.368164444342256
120.50000 9624265.481977265328169 5344805.450097766704857
121.00000 9585839.816299578174949 5324027.458538252860308
121.50000 9547720.023428454995155 5303410.499544827267528
122.00000 9509902.464056121185422 5282952.708405475132167
122.50000 9472383.556395828723907 5262652.249075926840305
123.00000 9435159.775050045922399 5242507.313631077297032
123.50000 9398227.649905215948820 5222516.121729170903563
124.00000 9361583.765051558613777 5202676.920088156126440
124.50000 9325224.757728891447186 5182987.981973635032773
125.00000 9289147.317297259345651 5163447.606698742136359
125.50000 9253348.184229863807559 5144054.119135043583810
126.00000 9217824.149131363257766 5124805.869234574027359
126.50000 9182572.051776554435492 5105701.231562390923500
127.00000 9147588.780173128470778 5086738.604839663021266
127.50000 9112871.269644187763333 5067916.411496786400676
128.00000 9078416.501932604238391 5049233.097236493602395
128.50000 9044221.504325028508902 5030687.130606480874121
129.00000 9010283.348796181380749 5012277.002581398934126
129.50000 8976599.151171907782555 4994001.226154354400933
130.00000 8943166.070311523973942 4975858.335936386138201
130.50000 8909981.307307470589876 4957846.887765822000802
131.00000 8877042.104704264551401 4939965.458325216546655
131.50000 8844345.745732793584466 4922212.644766756333411
132.00000 8811889.553563207387924 4904587.064346078783274
132.50000 8779670.890573363751173 4887087.354063261300325
133.00000 8747687.157633587718010 4869712.170312103815377
133.50000 8715935.793406575918198 4852460.188536446541548
134.00000 8684414.273663379251957 4835330.102893841452897
134.50000 8653120.110613172873855 4818320.625926630571485
135.00000 8622050.852248413488269 4801430.488239249214530
135.50000 8591204.081703536212444 4784658.438183266669512
136.00000 8560577.416627693921328 4768003.241548066958785
136.50000 8530168.508569996803999 4751463.681258399970829
137.00000 8499975.042379831895232 4735038.557078348472714
137.50000 8469994.735617430880666 4718726.685320999473333
138.00000 8440225.337978897616267 4702526.898564510978758
138.50000 8410664.630731858313084 4686438.045373690314591
139.00000 8381310.426164274103940 4670458.990027392283082
139.50000 8352160.567043644376099 4654588.612251619808376
140.00000 8323212.926088200882077 4638825.806957588531077
140.50000 8294465.405448741279542 4623169.483985791914165
141.00000 8265915.936201165430248 4607618.567854466848075
141.50000 8237562.477849949151278 4592171.997513795271516
142.00000 8209403.017840814776719 4576828.726104525849223
142.50000 8181435.571084881201386 4561587.720721670426428
143.00000 8153658.179490779526532 4546447.962182905524969
143.50000 8126068.911507760174572 4531408.444801519624889
144.00000 8098665.861677163280547 4516468.176163772121072
144.50000 8071447.150193367153406 4501626.176910815760493
145.00000 8044410.922473670914769 4486881.480524708516896
145.50000 8017555.348736028186977 4472233.133118797093630
146.00000 7990878.623586385510862 4457680.193232036195695
146.50000 7964378.965613323263824 4443221.731627576053143
147.00000 7938054.616991215385497 4428856.831094789318740
147.50000 7911903.843090871348977 4414584.586255579255521
148.00000 7885924.932098562829196 4400404.103374287486076
148.50000 7860116.194641579873860 4386314.500171104446054
149.00000 7834475.963422043249011 4372314.905639158561826
149.50000 7809002.592857202515006 4358404.459865173324943
150.00000 7783694.458726952783763 4344582.313853393308818
