B sxx sxy
0.00000 21342469.142475448548794 0.000000000000000
0.50000 21347888.992852270603180 135357.398004818387562
1.00000 21330181.044878453016281 270386.243153625749983
1.50000 21310015.598386481404305 404677.677569127292372
2.00000 21283684.466402832418680 537921.449894987512380
2.50000 21250966.146486118435860 669841.328643245506100
3.00000 21212127.674555689096451 800199.117424053954892
3.50000 21167500.130174450576305 928791.532359639531933
4.00000 21117459.276922971010208 1055445.769458264345303
4.50000 21062395.294758763164282 1180015.099147844826803
5.00000 21002643.770842328667641 1302374.949844421353191
5.50000 20938553.643104895949364 1422419.631996669806540
6.00000 20870434.703073754906654 1540059.624349063728005
6.50000 20798599.913600750267506 1655219.395843096077442
7.00000 20723322.950595129281282 1767835.648385566892102
7.50000 20644859.952164549380541 1877855.942381992004812
8.00000 20563468.958731003105640 1985237.618067361647263
8.50000 20479371.772681608796120 2089946.936925656162202
9.00000 20392796.535139419138432 2191958.417602621484548
9.50000 20303938.834846399724483 2291254.277182378340513
10.00000 20213001.680672012269497 2387823.974799757357687
10.50000 20120160.202175725251436 2481663.788407471030951
11.00000 20025591.722111094743013 2572776.432771778199822
11.50000 19929463.727229483425617 2661170.677518379874527
12.00000 19831923.017673615366220 2746860.964418388437480
12.50000 19733120.068588040769100 2829867.026432158891112
13.00000 19633193.224500373005867 2910213.490777900442481
13.50000 19532276.014884568750858 2987929.480767599307001
14.00000 19430486.141319267451763 3063048.210015612188727
14.50000 19327943.162755802273750 3135606.584309640806168
15.00000 19224756.994794078171253 3205644.801146992482245
15.50000 19121031.207251343876123 3273205.961360682733357
16.00000 19016866.072435263544321 3338335.693059302866459
16.50000 18912347.592644248157740 3401081.787479770835489
17.00000 18807564.824081815779209 3461493.859330778010190
17.50000 18702598.589471664279699 3519623.020242754369974
18.00000 18597524.644154388457537 3575521.576373867224902
18.50000 18492413.908490784466267 3629242.747314884793013
19.00000 18387334.655403889715672 3680840.407081112265587
19.50000 18282344.789363794028759 3730368.845077396836132
20.00000 18177504.136492662131786 3777882.553181156981736
20.50000 18072866.490403480827808 3823436.028771199285984
21.00000 17968481.885950021445751 3867083.600430548656732
21.50000 17864396.792440272867680 3908879.272276688367128
22.00000 17760654.301277045160532 3948876.585151345469058
22.50000 17657294.313572477549314 3987128.496447107288986
23.00000 17554355.692246891558170 4023687.274306600913405
23.50000 17451868.430689364671707 4058604.404590911697596
24.00000 17349865.920221786946058 4091930.516086180694401
24.50000 17248376.959557548165321 4123715.311616708058864
25.00000 17147427.959323287010193 4154007.515448597259820
25.50000 17047043.079557124525309 4182854.827847994863987
26.00000 16947244.358196105808020 4210303.887626205570996
26.50000 16848051.847276065498590 4236400.246433190070093
27.00000 16749483.734038177877665 4261188.348867517895997
27.50000 16651556.446770828217268 4284711.516141740605235
28.00000 16554284.767342854291201 4307011.939092335291207
28.50000 16457683.231964971870184 4328130.676648810505867
29.00000 16361760.999955641105771 4348107.655147055163980
29.50000 16266529.856285838410258 4366981.673651092685759
30.00000 16171998.976225802674890 4384790.412944754585624
30.50000 16078176.352763434872031 4401570.448133560828865
31.00000 15985068.876593613997102 4417357.263690003193915
31.50000 15892682.403502283617854 4432185.267693412490189
32.00000 15801021.821077695116401 4446087.809139687567949
32.50000 15710091.117736550047994 4459097.198964532464743
33.00000 15619893.447361223399639 4471244.731219425797462
33.50000 15530431.186828343197703 4482560.705626333132386
34.00000 15441705.990260245278478 4493074.450743604451418
34.50000 15353718.833264980465174 4502814.344433935359120
35.00000 15266470.063046084716916 4511807.838245990686119
35.50000 15179959.446538010612130 4520081.482723483815789
36.00000 15094186.211918396875262 4527660.951324884779751
36.50000 15009150.371931536123157 4534571.064774389378726
37.00000 14924847.597369389608502 4540835.814437877386808
37.50000 14841277.044766550883651 4546478.388965331949294
38.00000 14758436.161609835922718 4551521.194380423054099
38.50000 14676322.029383577406406 4555985.878099498338997
39.00000 14594931.396219257265329 4559893.353712202981114
39.50000 14514260.703468846157193 4563263.823615626432002
40.00000 14434306.110631670802832 4566116.801231781020761
40.50000 14355063.519135206937790 4568471.132983844727278
41.00000 14276528.594444883987308 4570345.019742568023503
41.50000 14198696.787866303697228 4571756.038291214965284
42.00000 14121563.358251374214888 4572721.163025471381843
42.50000 14045123.383122041821480 4573256.782947792671621
43.00000 13969371.775602186098695 4573378.720914555713534
43.50000 13894303.306545251980424 4573102.254386754706502
44.00000 13819912.619213672354817 4572442.134150628000498
44.50000 13746194.241209255531430 4571412.601874590851367
45.00000 13673142.597472768276930 4570027.407373701222241
45.50000 13600752.022546887397766 4568299.825490811839700
46.00000 13529016.771737653762102 4566242.672338689677417
46.50000 13457931.031776603311300 4563868.321158630773425
47.00000 13387488.930672433227301 4561188.717635214328766
47.50000 13317684.547569736838341 4558215.395055726170540
48.00000 13248511.923895230516791 4554959.490042447112501
48.50000 13179965.796039590612054 4551431.753991470672190
49.00000 13112038.663589412346482 4547642.564420470036566
49.50000 13044725.232666159048676 4543601.942038909532130
50.00000 12978019.450568802654743 4539319.562010125257075
50.50000 12911915.258236989378929 4534804.766116989776492
51.00000 12846406.595004251226783 4530066.574303094297647
51.50000 12781487.403561722487211 4525113.695801872760057
52.00000 12717151.636916246265173 4519954.540121367201209
52.50000 12653393.261994544416666 4514597.227748624980450
53.00000 12590206.262789951637387 4509049.600190193392336
53.50000 12527584.644300198182464 4503319.229788026772439
54.00000 12465522.435879703611135 4497413.429099276661873
54.50000 12404013.694588419049978 4491339.260057511739433
55.00000 12343052.507879124954343 4485103.542674101889133
55.50000 12282632.996468985453248 4478712.863571262918413
56.00000 12222749.317756092175841 4472173.584668748080730
56.50000 12163395.669785181060433 4465491.852143581956625
57.00000 12104566.287191597744823 4458673.600765751674771
57.50000 12046255.443924386054277 4451724.561338180676103
58.00000 11988457.458474226295948 4444650.269747128710151
58.50000 11931166.694899789988995 4437456.073568784631789
59.00000 11874377.563802361488342 4430147.138421892188489
59.50000 11818084.523471340537071 4422728.454245253466070
60.00000 11762282.080866241827607 4415204.841328481212258
60.50000 11706964.792676303535700 4407580.956233045086265
61.00000 11652127.266068218275905 4399861.297393570654094
61.50000 11597764.159488553181291 4392050.210603837855160
62.00000 11543870.183308454230428 4384151.894281612709165
62.50000 11490440.100331051275134 4376170.404521511867642
63.00000 11437468.726202918216586 4368109.660009458661079
63.50000 11384950.929293343797326 4359973.446662191301584
64.00000 11332881.630888495594263 4351765.422071322798729
64.50000 11281255.807355519384146 4343489.119974736124277
65.00000 11230068.489704495295882 4335147.954637179151177
65.50000 11179314.763029076159000 4326745.224882522597909
66.00000 11128989.766618091613054 4318284.118007914163172
66.50000 11079088.694020893424749 4309767.713567198254168
67.00000 11029606.793017452582717 4301198.987026885151863
67.50000 10980540.092397233471274 4292580.816344237886369
68.00000 10931882.487379593774676 4283915.973417974077165
68.50000 10883630.122830463573337 4275207.145399303175509
69.00000 10835778.465671988204122 4266456.927529142238200
69.50000 10788323.033313637599349 4257667.825831603258848
70.00000 10741259.394139874726534 4248842.260102017782629
70.50000 10694583.170232053846121 4239982.568591801449656
71.00000 10648290.036871742457151 4231091.010724488645792
71.50000 10602375.721857529133558 4222169.769547536037862
72.00000 10556836.004936939105392 4213220.954157830215991
72.50000 10511666.717356575652957 4204246.602119261398911
73.00000 10466863.741581393405795 4195248.681906278245151
73.50000 10422423.010716371238232 4186229.095094264019281
74.00000 10378340.508220894262195 4177189.678655928932130
74.50000 10334612.267353219911456 4168132.207025976385921
75.00000 10291234.370800368487835 4159058.394210505299270
75.50000 10248202.950154049322009 4149969.895737998653203
76.00000 10205514.185494158416986 4140868.310613509733230
76.50000 10163164.304874109104276 4131755.183150187600404
77.00000 10121149.583842743188143 4122632.004766103345901
77.50000 10079466.344948371872306 4113500.215710047166795
78.00000 10038110.957257341593504 4104361.206741673406214
78.50000 9997079.835841570049524 4095216.320737725123763
79.00000 9956369.441259754821658 4086066.854242383968085
79.50000 9915976.279073536396027 4076914.058986384887248
80.00000 9875896.899315357208252 4067759.143328428268433
80.50000 9836127.895992318168283 4058603.273669112939388
81.00000 9796665.906555952504277 4049447.575798769947141
81.50000 9757507.611403558403254 4040293.136216676328331
82.00000 9718649.733346506953239 4031141.003390592057258
82.50000 9680089.037106372416019 4021992.188987836707383
83.00000 9641822.328768510371447 4012847.669050310272723
83.50000 9603846.455198824405670 4003708.385140887927264
84.00000 9566158.303169837221503 3994575.245408252347261
84.50000 9528754.798750994727015 3985449.125559008680284
85.00000 9491632.908287938684225 3976330.869965038727969
85.50000 9454789.637456117197871 3967221.292792650870979
86.00000 9418222.030136683955789 3958121.178917063865811
86.50000 9381927.168054884299636 3949031.284862779546529
87.00000 9345902.170288393273950 3939952.339699234347790
87.50000 9310144.192781712859869 3930885.045914613176137
88.00000 9274650.427855215966702 3921830.080254968721420
88.50000 9239418.103742020204663 3912788.094549797475338
89.00000 9204444.484908545389771 3903759.716995202936232
89.50000 9169726.872790757566690 3894745.553882163017988
90.00000 9135262.600845092907548 3885746.187508246395737
90.50000 9101049.034473996609449 3876762.176726515404880
91.00000 9067083.573512921109796 3867794.059616273734719
91.50000 9033363.651315027847886 3858842.353944679256529
92.00000 8999886.734176099300385 3849907.557754109147936
92.50000 8966650.320550354197621 3840990.149767484981567
93.00000 8933651.940768308937550 3832090.590103288646787
93.50000 8900889.156490499153733 3823209.320790045894682
94.00000 8868359.560219049453735 3814346.766297670081258
94.50000 8836060.774992693215609 3805503.334169596433640
95.00000 8803990.453846642747521 3796679.415476571768522
95.50000 8772146.279479438439012 3787875.385388863272965
96.00000 8740525.963772790506482 3779091.603630305267870
96.50000 8709127.247447745874524 3770328.415004040114582
97.00000 8677947.899618491530418 3761586.149831396993250
97.50000 8646985.717410450801253 3752865.124415013939142
98.00000 8616238.525559060275555 3744165.641472382005304
98.50000 8585704.176045948639512 3735487.990575870964676
99.00000 8555380.547704493626952 3726832.448556703981012
99.50000 8525265.545826630666852 3718199.279892552178353
100.00000 8495357.101823307573795 3709588.737116067204624
100.50000 8465653.513447938486934 3701001.073411833029240
101.00000 8436152.079280447214842 3692436.494721245020628
101.50000 8406851.150271557271481 3683895.231484767515212
102.00000 8377748.758628867566586 3675377.492042819038033
102.50000 8348842.960871658287942 3666883.474534484557807
103.00000 8320131.837506459094584 3658413.367229129187763
103.50000 8291613.492671043612063 3649967.348823723848909
104.00000 8263286.053819800727069 3641545.588755361270159
104.50000 8235147.671380446292460 3633148.247481967322528
105.00000 8207196.518448594957590 3624775.476776525843889
105.50000 8179430.790449082851410 3616427.419987114612013
106.00000 8151848.704838735051453 3608104.212313205003738
106.50000 8124448.500784236937761 3599805.981054185424000
107.00000 8097228.438870657235384 3591532.845867693424225
107.50000 8070186.800786065869033 3583284.919001212809235
108.00000 8043321.889037155546248 3575062.305534228216857
108.50000 8016632.026650193147361 3566865.103600511793047
109.00000 7990115.556885487399995 3558693.404609438031912
109.50000 7963770.842958491295576 3550547.293462890665978
110.00000 7937596.267752368934453 3542426.848756411112845
110.50000 7911590.233548083342612 3534332.142983540426940
111.00000 7885751.161753579974174 3526263.242730736266822
111.50000 7860077.492633882910013 3518220.208864212967455
112.00000 7834567.685050439089537 3510203.096714299172163
112.50000 7809220.216199658811092 3502211.956252149306238
113.00000 7784033.581362172029912 3494246.832264281809330
113.50000 7759006.293645079247653 3486307.764516069553792
114.00000 7734136.883738731965423 3478394.787916331086308
114.50000 7709423.899670612066984 3470507.932673568837345
115.00000 7684865.906565996818244 3462647.224448533263057
115.50000 7660461.486410893499851 3454812.684502756223083
116.00000 7636209.237818158231676 3447004.329840912483633
116.50000 7612107.775798891671002 3439222.173350841272622
117.00000 7588155.731534962542355 3431466.223938262555748
117.50000 7564351.752156374976039 3423736.486657730303705
118.00000 7540694.500523514114320 3416032.962840644177049
118.50000 7517182.655008323490620 3408355.650217103306204
119.00000 7493814.909282669425011 3400704.543036648072302
119.50000 7470589.972108733840287 3393079.632184060290456
120.00000 7447506.567130756564438 3385480.905292022973299
120.50000 7424563.432673693634570 3377908.346850559115410
121.00000 7401759.321540630422533 3370361.938313063234091
121.50000 7379093.000811992213130 3362841.658199047204107
122.00000 7356563.251648538745940 3355347.482194328680634
122.50000 7334168.869064236059785 3347879.383245978504419
123.00000 7311908.661598071455956 3340437.331646224018186
123.50000 7289781.450833530165255 3333021.295067429542542
124.00000 7267786.071862219832838 3325631.238621616270393
124.50000 7245921.373608590103686 3318267.125070424750447
125.00000 7224186.217952986247838 3310928.914907563943416
125.50000 7202579.479534804821014 3303616.566424522548914
126.00000 7181100.045629207976162 3296330.035793552640826
126.50000 7159746.815976899117231 3289069.277143391314894
127.00000 7138518.702587183564901 3281834.242617391981184
127.50000 7117414.629706400446594 3274624.882514050696045
128.00000 7096433.533564732410014 3267441.145330762490630
128.50000 7075574.363729988224804 3260282.978896114509553
129.00000 7054836.081375790759921 3253150.329600221943110
129.50000 7034217.656527361832559 3246043.140290567651391
130.00000 7013718.070546619594097 3238961.352048329543322
130.50000 6993336.316602459177375 3231904.904825195670128
131.00000 6973071.399203856475651 3224873.737313495483249
131.50000 6952922.333785716444254 3217867.786812928039581
132.00000 6932888.146614239551127 3210886.989323408342898
132.50000 6912967.874593442305923 3203931.279560055118054
133.00000 6893160.565071597695351 3197000.590965166222304
133.50000 6873465.275776931084692 3190094.855812255293131
134.00000 6853881.074642483144999 3183214.005225769709796
134.50000 6834407.039680106565356 3176357.969233296345919
135.00000 6815042.258828788064420 3169526.676796280313283
135.50000 6795785.829846911132336 3162720.055870909709483
136.00000 6776636.860160754993558 3155938.033433176577091
136.50000 6757594.466795866377652 3149180.535563496407121
137.00000 6738657.776188486255705 3142447.487438716925681
137.50000 6719825.924070727080107 3135738.813376879319549
138.00000 6701098.055402603931725 3129054.436914665158838
138.50000 6682473.324196066707373 3122394.280801451765001
139.00000 6663950.893442285247147 3115758.267068050801754
139.50000 6645529.934953453019261 3109146.317029192578048
140.00000 6627209.629291112534702 3102558.351348840165883
140.50000 6608989.165622768923640 3095994.290049116592854
141.00000 6590867.741641195490956 3089454.052564039360732
141.50000 6572844.563422623090446 3082937.557745606172830
142.00000 6554918.845347446389496 3076444.723914308007807
142.50000 6537089.809990942478180 3069975.468885126058012
143.00000 6519356.688008468598127 3063529.709987754467875
143.50000 6501718.718033747747540 3057107.364093851763755
144.00000 6484175.146598990075290 3050708.347659935243428
144.50000 6466725.228006517514586 3044332.576730439905077
145.00000 6449368.224255414679646 3037979.966981886420399
145.50000 6432103.404926051385701 3031650.433732235804200
146.00000 6414930.047106799669564 3025343.891981016844511
146.50000 6397847.435278157703578 3019060.256415281910449
147.00000 6380854.861232507042587 3012799.441440631169826
147.50000 6363951.623986175283790 3006561.361205161083490
148.00000 6347137.029677983373404 3000345.929611260537058
148.50000 6330410.391497439704835 2994153.060348084196448
149.00000 6313771.029581233859062 2987982.666898848954588
149.50000 6297218.270937287248671 2981834.662567145191133
150.00000 6280751.449356601573527 2975708.960492785554379
