B sxx sxy
0.00000 4268502.313254131004214 0.000000000000000
0.50000 4298005.504270723089576 5388.090169040280671
1.00000 4277161.572797643952072 10820.160660883791934
1.50000 4272590.548421531915665 16241.278410032980901
2.00000 4270698.849375863559544 21658.104657356474490
2.50000 4269586.107164518907666 27071.512940691754920
3.00000 4268755.085079690441489 32481.407299076054187
3.50000 4268059.181316334754229 37887.423806730505021
4.00000 4267388.658690015785396 43289.085923470345733
4.50000 4266725.009481505490839 48685.890537216218945
5.00000 4266044.582569586113095 54077.315864148004039
5.50000 4265325.238620040006936 59462.836755828458990
6.00000 4264567.862616177648306 64841.936221481744724
6.50000 4263760.398468161933124 70214.101247370228521
7.00000 4262913.225858674384654 75578.832858788387966
7.50000 4262011.542120190337300 80935.637353634883766
8.00000 4261059.963037940673530 86284.036670055851573
8.50000 4260058.133264631032944 91623.563852055536699
9.00000 4259005.013964311219752 96953.764037178174476
9.50000 4257900.926146847195923 102274.195111858207383
10.00000 4256745.360726543702185 107584.427447297362960
10.50000 4255538.967663113027811 112884.043982853094349
11.00000 4254277.823694016784430 118172.639308328434709
11.50000 4252970.041567015461624 123449.822659331795876
12.00000 4251612.436793191358447 128715.212722298281733
12.50000 4250201.748232522048056 133968.440075590187917
13.00000 4248745.308770069852471 139209.149062801530818
13.50000 4247237.300391513854265 144436.992293988470919
14.00000 4245684.544896457344294 149651.636229809460929
14.50000 4244081.340921555645764 154852.755073388718301
15.00000 4242434.103102798573673 160040.036142283206573
15.50000 4240737.964055795222521 165213.174187673721462
16.00000 4238999.000690983608365 170371.876217686774908
16.50000 4237212.271862104535103 175515.856263166147983
17.00000 4235381.207672299817204 180644.839259118365590
17.50000 4233508.651465404778719 185758.558995433937525
18.00000 4231590.561855333857238 190856.756233517604414
18.50000 4229629.913438231684268 195939.181624360935530
19.00000 4227629.550219896249473 201005.593897121667396
19.50000 4225585.445798856206238 206055.757991634338396
20.00000 4223500.547200431115925 211089.447929673333419
20.50000 4221377.372032220475376 216106.444981488486519
21.00000 4219212.530297248624265 221106.536122859630268
21.50000 4217008.626095036044717 226089.516500162542798
22.00000 4214766.225368130952120 231055.187439921632176
22.50000 4212487.811974337324500 236003.357109003467485
23.00000 4210170.022905220277607 240933.838579460221808
23.50000 4207815.407869417220354 245846.452220710576512
24.00000 4205424.510728606022894 250741.023793201136868
24.50000 4202999.494398626498878 255617.385091129719513
25.00000 4200537.577949640341103 260475.372251707100077
25.50000 4198040.978674111887813 265314.827826421882492
26.00000 4195510.216198960319161 270135.599153226707131
26.50000 4192945.804016542620957 274937.538566514151171
27.00000 4190349.872563146986067 279720.503609960025642
27.50000 4187719.625778009183705 284484.355483582592569
28.00000 4185057.235312801785767 289228.961008861719165
28.50000 4182363.189902208279818 293954.191120917967055
29.00000 4179637.972203393466771 298659.921081228996627
29.50000 4176882.058845679275692 303346.030370418448001
30.00000 4174097.241905163042247 308012.402874807012267
30.50000 4171281.300811322405934 312658.925572739506606
31.00000 4168436.060019020456821 317285.490240542043466
31.50000 4165561.972435177303851 321891.992155623040162
32.00000 4162659.485284782946110 326478.330310135905165
32.50000 4159729.040027677547187 331044.407311283401214
33.00000 4156771.072603599168360 335590.129308394913096
33.50000 4153787.327211261261255 340115.406200938567054
34.00000 4150775.568163519725204 344620.150411307055037
34.50000 4147737.563368597067893 349104.278525611676741
35.00000 4144673.727109588216990 353567.710090990236495
35.50000 4141584.468488360289484 358010.367834005446639
36.00000 4138470.191534465178847 362432.177598332578782
36.50000 4135331.295205416623503 366833.068285176472273
37.00000 4132168.173538714181632 371212.971794181969017
37.50000 4128982.269558257423341 375571.823220284481067
38.00000 4125771.832572423387319 379909.559823547315318
38.50000 4122538.324376108124852 384226.122436747420579
39.00000 4119282.119960037525743 388521.454454401275143
39.50000 4116003.589720131363720 392795.502025345689617
40.00000 4112703.099602169357240 397048.214015096949879
40.50000 4109381.011101855896413 401279.541959194291849
41.00000 4106037.681416838895530 405489.440030481899157
41.50000 4102673.463458919897676 409677.864999342418741
42.00000 4099288.705934993457049 413844.776194361795206
42.50000 4095884.797149165999144 417990.135701068153139
43.00000 4092459.969461594242603 422113.907416809583083
43.50000 4089015.624449521768838 426216.058375130174682
44.00000 4085552.094644244760275 430296.557815972133540
44.50000 4082069.708693930879235 434355.377378312230576
45.00000 4078568.791459742002189 438392.491074223536998
45.50000 4075049.663978524040431 442407.875250285433140
46.00000 4071512.643633305095136 446401.508572372258641
46.50000 4067958.044138332363218 450373.371990501997061
47.00000 4064386.175617360044271 454323.448715009086300
47.50000 4060797.344671241007745 458251.724191446206532
48.00000 4057191.854360539466143 462158.186067598580848
48.50000 4053570.810923664830625 466042.824366544897202
49.00000 4049932.881052838172764 469905.630701924965251
49.50000 4046279.181059173308313 473746.599381162668578
50.00000 4042610.000539542175829 477565.726634951832239
50.50000 4038925.625810633879155 481363.010773271147627
51.00000 4035226.339999409392476 485138.452168716234155
51.50000 4031512.423015949781984 488892.053221361944452
52.00000 4027784.151684756856412 492623.818347665190231
52.50000 4024041.799736228771508 496333.753950037469622
53.00000 4020285.637808021623641 500021.868386826012284
53.50000 4016515.933566302992404 503688.171960363280959
54.00000 4012732.951688491273671 507332.676884546468500
54.50000 4008936.953868410084397 510955.397258194279857
55.00000 4005128.198959985747933 514556.349052995734382
55.50000 4001306.942851452622563 518135.550071059784386
56.00000 3997474.235401839017868 521693.020119861175772
56.50000 3993628.721602455712855 525228.780263937544078
57.00000 3989771.457814191933721 528742.853857461828738
57.50000 3985902.688809211365879 532235.265828836592846
58.00000 3982022.656599005684257 535706.042818741756491
58.50000 3978131.600551222451031 539155.213166270870715
59.00000 3974229.757357933558524 542582.806876033195294
59.50000 3970317.361030061263591 545988.855590320774354
60.00000 3966394.643042313400656 549373.392576980753802
60.50000 3962461.832248123362660 552736.452690671430901
61.00000 3958519.154963853769004 556078.072355369338766
61.50000 3954566.834947093389928 559398.289533176110126
62.00000 3950605.093493300490081 562697.143704632646404
62.50000 3946634.149421953596175 565974.675843853503466
63.00000 3942654.219033929985017 569230.928379537072033
63.50000 3938665.516261147800833 572465.945187260978855
64.00000 3934668.252604776527733 575679.771553583792411
64.50000 3930662.637168603949249 578872.454150107107125
65.00000 3926649.471630688291043 582044.041156260296702
65.50000 3922627.761416411027312 585194.581656485213898
66.00000 3918598.312885429244488 588324.126474117045291
66.50000 3914561.325783949345350 591432.727566526620649
67.00000 3910516.997631998267025 594520.438157793367282
67.50000 3906465.523696456104517 597587.312703034956940
68.00000 3902407.096979662310332 600633.406860682880506
68.50000 3898341.908252270892262 603658.777467059087940
69.00000 3894270.146132153458893 606663.482520321384072
69.50000 3890191.997018973343074 609647.581142196548171
70.00000 3886107.645201385952532 612611.133565150899813
70.50000 3882017.272753734141588 615554.201089946785942
71.00000 3877921.059705283492804 618476.846080237068236
71.50000 3873819.183936397545040 621379.131922609987669
72.00000 3869711.821242362260818 624261.123003896907903
72.50000 3865599.145397704094648 627122.884697415982373
73.00000 3861481.328085142187774 629964.483322444604710
73.50000 3857358.538952796719968 632785.986125672119670
74.00000 3853230.945686216931790 635587.461265394231305
74.50000 3849098.713929844088852 638368.977773709804751
75.00000 3844962.007357875350863 641130.605537850176916
75.50000 3840820.987711639609188 643872.415280987392180
76.00000 3836675.814725921023637 646594.478523690020666
76.50000 3832527.236956663429737 649296.867715768283233
77.00000 3828374.222662530839443 651979.655668930849060
77.50000 3824217.523028619121760 654642.916322052362375
78.00000 3820057.290257884655148 657286.724203237099573
78.50000 3815893.674618168734014 659911.154521955526434
79.00000 3811726.824634401127696 662516.283174077281728
79.50000 3807556.886912308633327 665102.186683869571425
80.00000 3803384.006316572427750 667668.942217347444966
80.50000 3799208.325899107847363 670216.627536080661230
81.00000 3795029.986891367472708 672745.320977162453346
81.50000 3790849.128838127478957 675255.101451492519118
82.00000 3786665.889491684734821 677746.048400779720396
82.50000 3782480.404894783627242 680218.241790345055051
83.00000 3778292.809365860186517 682671.762080351007171
83.50000 3774103.235510365106165 685106.690208466257900
84.00000 3769911.814299263060093 687523.107578351511620
84.50000 3765718.674967071507126 689921.096020488068461
85.00000 3761523.945147451013327 692300.737792829982936
85.50000 3757327.750814676284790 694662.115551299531944
86.00000 3753130.216325823217630 697005.312329257023521
86.50000 3748931.464440753683448 699330.411527824122459
87.00000 3744731.616325125098228 701637.496890800655819
87.50000 3740530.791560093872249 703926.652484942809679
88.00000 3736329.108179910108447 706197.962691334891133
88.50000 3732126.682666292879730 708451.512179263285361
89.00000 3727923.629959155805409 710687.385891069890931
89.50000 3723720.063503228127956 712905.669031904544681
90.00000 3719516.095209520775825 715106.447038343409076
90.50000 3715311.835504875984043 717289.805575940175913
91.00000 3711107.393356727436185 719455.830518156872131
91.50000 3706903.292248723562807 721604.608031302690506
92.00000 3702698.801644180901349 723736.224160023150034
92.50000 3698494.446848421357572 725850.765405007638037
93.00000 3694290.331068833358586 727948.318318936508149
93.50000 3690086.556128051597625 730028.969586951774545
94.00000 3685883.222428338602185 732092.806008097599261
94.50000 3681680.429017854854465 734139.914488239330240
95.00000 3677478.273589323740453 736170.382026699720882
95.50000 3673276.852450973819941 738184.295689168036915
96.00000 3669076.260623678099364 740181.742617604322731
96.50000 3664876.591795919928700 742162.809999793767929
97.00000 3660677.938290153630078 744127.585049614077434
97.50000 3656480.391221008729190 746076.155025560874492
98.00000 3652284.040339950472116 748008.607179178623483
98.50000 3648088.974189272150397 749925.028775503276847
99.00000 3643895.280050106346607 751825.507067820755765
99.50000 3639703.043925457168370 753710.129279167042114
100.00000 3635512.350657434668392 755578.982612641877495
100.50000 3631323.283799164928496 757432.154211544897407
101.00000 3627135.925770340487361 759269.731179952039383
101.50000 3622950.357759252190590 761091.800546596874483
102.00000 3618766.659783324226737 762898.449266533018090
102.50000 3614584.910682981833816 764689.764206053339876
103.00000 3610405.188177856616676 766465.832144634216093
103.50000 3606227.568794333375990 768226.739744792575948
104.00000 3602052.127985709812492 769972.573566521750763
104.50000 3597878.940073701087385 771703.420044865459204
105.00000 3593708.078241365496069 773419.365475979400799
105.50000 3589539.614646128844470 775120.496028189314529
106.00000 3585373.620284921955317 776806.897703829337843
106.50000 3581210.165144184138626 778478.656360373832285
107.00000 3577049.318133149761707 780135.857685282360762
107.50000 3572891.147095830645412 781778.587188804522157
108.00000 3568735.718899309169501 783406.930211387109011
108.50000 3564583.099321097601205 785020.971892464323901
109.00000 3560433.353205611929297 786620.797193299396895
109.50000 3556286.544350885786116 788206.490863206447102
110.00000 3552142.735585825983435 789778.137447828892618
110.50000 3548001.988750165328383 791335.821274520130828
111.00000 3543864.364710407797247 792879.626448536291718
111.50000 3539730.333538095932454 794409.636947965598665
112.00000 3535599.130978660658002 795925.936229889746755
112.50000 3531471.228205524384975 797428.607792234863155
113.00000 3527346.682335313875228 798917.734795679687522
113.50000 3523225.549541394226253 800393.400143145699985
114.00000 3519107.885153331793845 801855.686495330766775
114.50000 3514993.743562864605337 803304.676241976791061
115.00000 3510883.178327023517340 804740.451516913599335
115.50000 3506776.242080268450081 806163.094171464093961
116.00000 3502672.986617138609290 807572.685787491733208
116.50000 3498573.462915785610676 808969.307672609458677
117.00000 3494477.721068468876183 810353.040840825648047
117.50000 3490385.810377396177500 811723.966026115696877
118.00000 3486297.779276180546731 813082.163658794597723
118.50000 3482213.675420530140400 814427.713878847891465
119.00000 3478133.545655918773264 815760.696526056155562
119.50000 3474057.436014555860311 817081.191130615421571
120.00000 3469985.391771099530160 818389.276921282988042
120.50000 3465917.457416706718504 819685.032815720303915
121.00000 3461853.676692232489586 820968.537418790743686
121.50000 3457794.092554924078286 822239.869013536139391
122.00000 3453738.747244984842837 823499.105568854720332
122.50000 3449687.682265139184892 824746.324732396285981
123.00000 3445640.938375699799508 825981.603823245968670
123.50000 3441598.555635067168623 827205.019835131359287
124.00000 3437560.573361788876355 828416.649425361305475
124.50000 3433527.030204305890948 829616.568924930179492
125.00000 3429497.964081871788949 830804.854321178980172
125.50000 3425473.412234436720610 831981.581266649882309
126.00000 3421453.411241136956960 833146.825076282490045
126.50000 3417437.996970732696354 834300.660713122808374
127.00000 3413427.204674862325191 835443.162809139001183
127.50000 3409421.068936559371650 836574.405645129620098
128.00000 3405419.623686972539872 837694.463154417229816
128.50000 3401422.902235701214522 838803.408923021866940
129.00000 3397430.937257647048682 839901.316186593146995
129.50000 3393443.760835211258382 840988.257836886798032
130.00000 3389461.404400680214167 842064.306403203983791
130.50000 3385483.898834707215428 843129.534075531642884
131.00000 3381511.274352193344384 844184.012671211035922
131.50000 3377543.560644833371043 845227.813669361057691
132.00000 3373580.786790699698031 846261.008184939972125
132.50000 3369622.981275303754956 847283.666967524564825
133.00000 3365670.172049428801984 848295.860421356046572
133.50000 3361722.386453478597105 849297.658575240988284
134.00000 3357779.651311954483390 850289.131107249995694
134.50000 3353841.992873598821461 851270.347329140524380
135.00000 3349909.436870410572737 852241.376195868826471
135.50000 3345982.008499259594828 853202.286303273867816
136.00000 3342059.732407074421644 854153.145876563619822
136.50000 3338142.632737055886537 855094.022782490006648
137.00000 3334230.733127331361175 856024.984530175803229
137.50000 3330324.056715170852840 856946.098265192005783
138.00000 3326422.895529411733150 857857.430830373312347
138.50000 3322526.730815321207047 858759.048509712680243
139.00000 3318635.855721749830991 859651.017431273940019
139.50000 3314750.291404637508094 860533.403285557869822
140.00000 3310870.058564967941493 861406.271406435989775
140.50000 3306995.177419286221266 862269.686761091230437
141.00000 3303125.667735225521028 863123.713957309606485
141.50000 3299261.548830341082066 863968.417241737013683
142.00000 3295402.839552948717028 864803.860494771623053
142.50000 3291549.558307220228016 865630.107232697191648
143.00000 3287701.723083575721830 866447.220618186518550
143.50000 3283859.351397973950952 867255.263440504204482
144.00000 3280022.460368452128023 868054.298136803321540
144.50000 3276191.066682079806924 868844.386783330002800
145.00000 3272365.186612930614501 869625.591095251380466
145.50000 3268544.836025197058916 870397.972433723392896
146.00000 3264730.030374944675714 871161.591796911670826
146.50000 3260920.784713838249445 871916.509826866444200
147.00000 3257117.113719442393631 872662.786813142127357
147.50000 3253319.031660238280892 873400.482686307630502
148.00000 3249526.552437985315919 874129.657026225468144
148.50000 3245739.689548848662525 874850.369047653395683
149.00000 3241958.456152342725545 875562.677627559634857
149.50000 3238182.865020723547786 876266.641280840965919
150.00000 3234412.928563889581710 876962.318174904794432
